00000100
00000001
00000000
00000001
00001100
00001010
00000011
11101000
00000100
00001000
00000000
00000000
00000100
00001100
00000000
00000000
00010000
00001000
00000111
11010100
00001101
10001001
00000011
11101000
00000001
00101010
01011000
00010000
00010101
01100001
00000000
00000010
00000001
00100000
01011000
00000001
00010000
00001000
00000111
11010100
00000101
01001100
00000000
00000100
00000101
00001000
00000000
00000001
00001001
00001011
00000000
00010100
00010101
01100001
11111111
11111000
00010000
00001010
00000111
11010000
@3e8
00000000
00000000
00000000
00000001
00001000
00000000
00000000
00010000
00000000
00010000
00000000
00001000
00000000
00000000
00001000
00000000
00000000
00010000
00000000
10000000
00000000
00001000
00000000
00001000
00000000
00000000
00100000
00000000
00000000
00000000
00000000
00000000
00000000
00000100
00000000
00000000
00000000
00000000
00100000
00000010
00000000
00000000
00000010
00100000
00000000
00000000
00000000
00000000
00100000
00000000
00000000
00001000
00000000
00000000
00010000
00000000
00000000
00001000
00000000
00010000
00000000
00000000
00000000
00000000
00001000
00000000
00100000
00000000
00000001
10000000
00000000
10000000
00000100
00000000
00000100
00000000
00000000
00000000
00000001
00000001